3 0.39375 0.7015625 0.040625 0.17578125
3 0.60078125 0.7125 0.040625 0.18359375
3 0.640625 0.7046875 0.0390625 0.17578125
3 0.675 0.4703125 0.040625 0.23828125
3 0.640625 0.4703125 0.03515625 0.24609375
3 0.39140625 0.47265625 0.040625 0.25
3 0.36015625 0.4703125 0.0453125 0.23046875
1 0.340625 0.6546875 0.05625 0.14453125
1 0.425 0.5171875 0.025 0.14453125
1 0.44921875 0.50390625 0.02734375 0.1640625
1 0.57109375 0.703125 0.025 0.1796875
1 0.690625 0.6328125 0.053125 0.125
1 0.6125 0.50625 0.021875 0.19140625
3 0.590625 0.509375 0.0296875 0.16796875