3 0.39453125 0.74375 0.02734375 0.16796875
3 0.575 0.734375 0.025 0.1328125
3 0.41015625 0.5015625 0.02734375 0.16796875
3 0.575 0.49609375 0.0296875 0.1796875
3 0.5984375 0.49375 0.021875 0.18359375
1 0.35078125 0.69375 0.0609375 0.15234375
1 0.6609375 0.7015625 0.0640625 0.16015625
1 0.615625 0.7125 0.05859375 0.18359375
1 0.66875 0.509375 0.0453125 0.15234375
1 0.6265625 0.51171875 0.04296875 0.1640625
1 0.3796875 0.5140625 0.0375 0.16015625
1 0.421875 0.70703125 0.02734375 0.1640625
1 0.44375 0.7046875 0.0234375 0.16015625