1 0.3125 0.58984375 0.08203125 0.1796875
1 0.3546875 0.4140625 0.0453125 0.1875
1 0.39140625 0.41796875 0.0328125 0.203125
1 0.42578125 0.4359375 0.03125 0.19140625
1 0.64921875 0.6421875 0.0796875 0.17578125
1 0.6875 0.5921875 0.0859375 0.16796875
1 0.61015625 0.66796875 0.0484375 0.1796875
1 0.690625 0.4 0.040625 0.15234375
1 0.6234375 0.4359375 0.02734375 0.19921875
3 0.64921875 0.4140625 0.0375 0.1796875
3 0.36328125 0.640625 0.0859375 0.171875
1 0.41328125 0.6640625 0.0609375 0.171875
3 0.4515625 0.459375 0.0234375 0.16015625
1 0.5984375 0.4546875 0.0296875 0.18359375