3 0.31953125 0.5296875 0.0375 0.17578125
3 0.35546875 0.53515625 0.03515625 0.1875
3 0.38125 0.53515625 0.0390625 0.1875
1 0.6203125 0.71875 0.053125 0.2109375
1 0.6484375 0.525 0.05859375 0.16796875
1 0.65 0.709375 0.0546875 0.20703125
1 0.7140625 0.67578125 0.0875 0.1796875
2 0.240625 0.69140625 0.0625 0.140625
2 0.7671875 0.65234375 0.0703125 0.125
2 0.26484375 0.453125 0.0484375 0.1640625
2 0.7171875 0.43359375 0.06640625 0.1171875
1 0.671875 0.7015625 0.0625 0.18359375
1 0.328125 0.7203125 0.06640625 0.19140625