3 0.67265625 0.5 0.040625 0.171875
1 0.6640625 0.6796875 0.0625 0.171875
1 0.63125 0.509375 0.04296875 0.16015625
3 0.621875 0.6890625 0.0640625 0.17578125
1 0.4203125 0.671875 0.0234375 0.1640625
1 0.346875 0.665625 0.071875 0.16796875
1 0.4578125 0.4828125 0.0375 0.15234375
1 0.340625 0.4828125 0.040625 0.16796875
1 0.384375 0.48828125 0.03515625 0.1640625
1 0.39375 0.665625 0.025 0.15234375
1 0.41875 0.48828125 0.0296875 0.1640625
1 0.5828125 0.69375 0.025 0.19921875
1 0.3078125 0.6328125 0.0640625 0.1328125
1 0.565625 0.69921875 0.0328125 0.203125