3 0.5546875 0.446875 0.03515625 0.15234375
3 0.584375 0.44140625 0.02734375 0.1484375
1 0.70390625 0.6625 0.0640625 0.17578125
1 0.6515625 0.6734375 0.06875 0.19140625
1 0.60078125 0.6703125 0.0375 0.17578125
3 0.5765625 0.6859375 0.02734375 0.17578125
1 0.30390625 0.709375 0.053125 0.20703125
1 0.384375 0.703125 0.03125 0.15625
1 0.41875 0.69375 0.0328125 0.17578125
1 0.4453125 0.696875 0.0234375 0.18359375
1 0.46796875 0.703125 0.021875 0.1953125
1 0.48828125 0.65234375 0.01953125 0.078125
1 0.5078125 0.6390625 0.01953125 0.06640625
1 0.5265625 0.6484375 0.0171875 0.078125
1 0.55 0.65234375 0.0296875 0.0859375