1 0.7875 0.5390625 0.10546875 0.203125
3 0.7296875 0.6078125 0.103125 0.21484375
1 0.659375 0.5859375 0.053125 0.109375
1 0.60859375 0.59765625 0.040625 0.171875
1 0.340625 0.615625 0.040625 0.17578125
1 0.2953125 0.5625 0.04296875 0.1015625
1 0.2328125 0.571875 0.0859375 0.18359375
1 0.2296875 0.36328125 0.05625 0.1640625
1 0.34296875 0.421875 0.0484375 0.09375
1 0.38359375 0.3515625 0.053125 0.2421875
1 0.5765625 0.35546875 0.04296875 0.234375
1 0.615625 0.4140625 0.04296875 0.125
1 0.65625 0.3515625 0.0390625 0.234375
1 0.7015625 0.41015625 0.0625 0.109375
1 0.76171875 0.31875 0.06640625 0.22265625
3 0.48125 0.34765625 0.0484375 0.2578125
3 0.5265625 0.35 0.0484375 0.25390625
3 0.53515625 0.6015625 0.02734375 0.2109375
3 0.2890625 0.365625 0.05859375 0.20703125
1 0.3796875 0.62890625 0.0375 0.234375