3 0.35546875 0.37109375 0.0234375 0.1171875
3 0.3875 0.375 0.021875 0.125
3 0.415625 0.365625 0.02734375 0.13671875
3 0.5953125 0.3609375 0.0234375 0.13671875
3 0.62421875 0.38125 0.025 0.12890625
3 0.6578125 0.3921875 0.02734375 0.10546875
1 0.7109375 0.59375 0.078125 0.1484375
1 0.653125 0.5953125 0.040625 0.08984375
1 0.35625 0.6171875 0.084375 0.1796875
3 0.4421875 0.6390625 0.0375 0.16015625
1 0.41328125 0.60546875 0.025 0.09375
3 0.61796875 0.646875 0.0296875 0.18359375
1 0.590625 0.6390625 0.0296875 0.19921875
1 0.31171875 0.5625 0.0640625 0.140625