3 0.2125 0.62890625 0.06640625 0.1484375
1 0.2515625 0.4984375 0.04296875 0.17578125
1 0.2984375 0.5015625 0.0546875 0.17578125
1 0.38671875 0.6875 0.03125 0.203125
1 0.35546875 0.6859375 0.03125 0.19921875
3 0.65 0.490625 0.03125 0.17578125
1 0.73046875 0.478125 0.05078125 0.16796875
3 0.6875 0.6703125 0.07421875 0.18359375
3 0.6328125 0.6546875 0.03125 0.17578125
1 0.68671875 0.5296875 0.040625 0.08984375
1 0.3578125 0.5015625 0.03125 0.17578125
1 0.3203125 0.62890625 0.046875 0.078125
1 0.2703125 0.62890625 0.053125 0.0859375
1 0.5984375 0.66015625 0.0375 0.1953125
1 0.7421875 0.634375 0.07421875 0.14453125
1 0.39140625 0.49609375 0.0375 0.1796875
1 0.5921875 0.4828125 0.0390625 0.16796875